{
 "cells": [
  {
   "cell_type": "code",
   "execution_count": 1,
   "metadata": {},
   "outputs": [
    {
     "name": "stderr",
     "output_type": "stream",
     "text": [
      "Info in <TUnixSystem::ACLiC>: creating shared library /work/Dropbox/HaSpect/dev/HASPECT6/hsfit2/LoadFit_C.so\n",
      "Warning in cling::IncrementalParser::CheckABICompatibility():\n",
      "  Possible C++ standard library mismatch, compiled with __GLIBCXX__ '20180415'\n",
      "  Extraction of runtime standard library version was: '20180720'\n"
     ]
    },
    {
     "name": "stdout",
     "output_type": "stream",
     "text": [
      "^^^^^^^^^^^^^^^^^^^^^^^^^^^^^^^ FiledTree\n",
      "^^^^^^^^^^^^^^^^^^^^^^^^^^^^^^^ Bins\n",
      "^^^^^^^^^^^^^^^^^^^^^^^^^^^^^^^ Weights\n",
      "^^^^^^^^^^^^^^^^^^^^^^^^^^^^^^^ RooHSEventsPDF\n",
      "\n",
      "\u001b[1mRooFit v3.60 -- Developed by Wouter Verkerke and David Kirkby\u001b[0m \n",
      "                Copyright (C) 2000-2013 NIKHEF, University of California & Stanford University\n",
      "                All rights reserved, please read http://roofit.sourceforge.net/license.txt\n",
      "\n",
      "^^^^^^^^^^^^^^^^^^^^^^^^^^^^^^^ RooHSEventsHistPDF\n",
      "^^^^^^^^^^^^^^^^^^^^^^^^^^^^^^^ Setup\n",
      "^^^^^^^^^^^^^^^^^^^^^^^^^^^^^^^ Data\n",
      "^^^^^^^^^^^^^^^^^^^^^^^^^^^^^^^ Binner\n",
      "^^^^^^^^^^^^^^^^^^^^^^^^^^^^^^^ PlotResults\n",
      "^^^^^^^^^^^^^^^^^^^^^^^^^^^^^^^ FitManager\n",
      "^^^^^^^^^^^^^^^^^^^^^^^^^^^^^^^ sPlot\n",
      "(long) 0\n"
     ]
    },
    {
     "name": "stderr",
     "output_type": "stream",
     "text": [
      "Info in <ACLiC>: unmodified script has already been compiled and loaded\n",
      "Info in <ACLiC>: unmodified script has already been compiled and loaded\n"
     ]
    }
   ],
   "source": [
    "gROOT->ProcessLine(\".x $HSCODE/hsfit2/LoadFit.C+\")"
   ]
  },
  {
   "cell_type": "code",
   "execution_count": 2,
   "metadata": {},
   "outputs": [],
   "source": [
    "  sPlot RF;\n",
    "  RF.SetUp().SetOutDir(\"out/\");\n",
    "  ///////////////////////////////Load Variables\n",
    "  RF.SetUp().LoadVariable(\"Mmiss[0,10]\");//should be same name as variable in tree  \n",
    "  RF.SetUp().SetIDBranchName(\"fgID\");\n",
    "\n"
   ]
  },
  {
   "cell_type": "code",
   "execution_count": 3,
   "metadata": {},
   "outputs": [],
   "source": [
    "  /////////////////////////////Make Model Signal\n",
    "  RF.SetUp().FactoryPDF(\"Gaussian::Signal( Mmiss, SIMm[6,4,7], SIMw[0.2,0.0001,3] )\");\n",
    "  RF.SetUp().LoadSpeciesPDF(\"Signal\",1);\n"
   ]
  },
  {
   "cell_type": "code",
   "execution_count": 4,
   "metadata": {},
   "outputs": [],
   "source": [
    "  ////////////////////////////////Additional background\n",
    "  RF.SetUp().FactoryPDF(\"Chebychev::BG(Mmiss,{a0[-0.1,-1,1],a1[0.1,-1,1]})\");\n",
    "  RF.SetUp().LoadSpeciesPDF(\"BG\",1);\n"
   ]
  },
  {
   "cell_type": "code",
   "execution_count": 5,
   "metadata": {},
   "outputs": [],
   "source": [
    "  ////////////////////////////Make Bins\n",
    "  RF.Bins().LoadBinVar(\"Eg\",4,3,4);\n"
   ]
  },
  {
   "cell_type": "code",
   "execution_count": 6,
   "metadata": {},
   "outputs": [
    {
     "name": "stdout",
     "output_type": "stream",
     "text": [
      "Bins::RunBinTree Running bins from 0 to 4\n",
      "Constructing Bin Tree out//Eg3.12_/TreeData\n",
      "Constructing Bin Tree out//Eg3.38_/TreeData\n",
      "Constructing Bin Tree out//Eg3.62_/TreeData\n",
      "Constructing Bin Tree out//Eg3.88_/TreeData\n",
      "On event 0 = 0%\n",
      "BinTree::Save() out//Eg3.12_/TreeData\n",
      "BinTree::Save() out//Eg3.38_/TreeData\n",
      "BinTree::Save() out//Eg3.62_/TreeData\n",
      "BinTree::Save() out//Eg3.88_/TreeData\n"
     ]
    },
    {
     "name": "stderr",
     "output_type": "stream",
     "text": [
      "Info in <HS::Bins:: Bins::Save()>:  Saving HSBins to out/DataBinsConfig.root\n"
     ]
    },
    {
     "name": "stdout",
     "output_type": "stream",
     "text": [
      "FiledTree::~FiledTree()  tree name MyModel 100000 /work/Dropbox/HaSpect/dev/HASPECT6/RooFitExamples2/sPlotSimple/Data.root\n"
     ]
    }
   ],
   "source": [
    "  ///////////////////////////Load Data\n",
    "  RF.LoadData(\"MyModel\",\"/work/Dropbox/HaSpect/dev/HASPECT6/RooFitExamples2/sPlotSimple/Data.root\");\n"
   ]
  },
  {
   "cell_type": "code",
   "execution_count": 7,
   "metadata": {},
   "outputs": [],
   "source": [
    "%jsroot"
   ]
  },
  {
   "cell_type": "code",
   "execution_count": 8,
   "metadata": {
    "scrolled": false
   },
   "outputs": [
    {
     "name": "stdout",
     "output_type": "stream",
     "text": [
      "HS::FIT::sPlot::Do prelimanry fits PyROOT\n",
      "%%%%%%%%%%%%%%%%%%%%%copy setup \n",
      " DataEvents::Get 0 4\n",
      " RooAbsData& DataEvents::Get 4 out//Eg3.12_/TreeData.root BinnedTree\n",
      "RooArgSet:: = (Mmiss)\n",
      "\n",
      " FitManager::FillEventsPDFs 2\n",
      "0 0 \n",
      "1 0 \n",
      "RooAddPdf::Eg3.12_TotalPDF[ Yld_Signal * Signal + Yld_BG * BG ] = 0.450002\n",
      " DataEvents::Get 0 4\n",
      "FitManager::Run start fit \n",
      "0x7f53837b0220 : OBJ: RooCmdArg\tNumCPU\tNumCPU\n",
      "0x7f5383e1d590 : OBJ: RooCmdArg\tSave\tSave\n",
      "0x7f5383bfb460 : OBJ: RooCmdArg\tWarnings\tWarnings\n",
      "0x7f5383806fc0 : OBJ: RooCmdArg\tMinos\tMinos\n",
      "0x7f537466cc10 : OBJ: RooCmdArg\tExtended\tExtended\n",
      "0x7f537471cda0 : OBJ: RooCmdArg\tExternalConstraints\tExternalConstraints\n",
      "[#1] INFO:Minization -- RooMinimizer::optimizeConst: activating const optimization\n",
      "[#1] INFO:Minization --  The following expressions will be evaluated in cache-and-track mode: (Signal,BG)\n",
      " **********\n",
      " **    1 **SET PRINT           1\n",
      " **********\n",
      " **********\n",
      " **    2 **SET NOGRAD\n",
      " **********\n",
      " PARAMETER DEFINITIONS:\n",
      "    NO.   NAME         VALUE      STEP SIZE      LIMITS\n",
      "     1 SIMm         6.00000e+00  3.00000e-01    4.00000e+00  7.00000e+00\n",
      "     2 SIMw         2.00000e-01  9.99500e-02    1.00000e-04  3.00000e+00\n",
      "     3 Yld_BG       1.24645e+04  4.98580e+03    0.00000e+00  4.98580e+04\n",
      "     4 Yld_Signal   1.24645e+04  4.98580e+03    0.00000e+00  4.98580e+04\n",
      "     5 a0          -1.00000e-01  2.00000e-01   -1.00000e+00  1.00000e+00\n",
      "     6 a1           1.00000e-01  2.00000e-01   -1.00000e+00  1.00000e+00\n",
      " **********\n",
      " **    3 **SET ERR         0.5\n",
      " **********\n",
      " **********\n",
      " **    4 **SET PRINT           1\n",
      " **********\n",
      " **********\n",
      " **    5 **SET STR           1\n",
      " **********\n",
      " NOW USING STRATEGY  1: TRY TO BALANCE SPEED AGAINST RELIABILITY\n",
      " **********\n",
      " **    6 **MIGRAD        3000           1\n",
      " **********\n",
      " FIRST CALL TO USER FUNCTION AT NEW START POINT, WITH IFLAG=4.\n",
      " START MIGRAD MINIMIZATION.  STRATEGY  1.  CONVERGENCE WHEN EDM .LT. 1.00e-03\n",
      " FCN=-170262 FROM MIGRAD    STATUS=INITIATE       48 CALLS          49 TOTAL\n",
      "                     EDM= unknown      STRATEGY= 1      NO ERROR MATRIX       \n",
      "  EXT PARAMETER               CURRENT GUESS       STEP         FIRST   \n",
      "  NO.   NAME      VALUE            ERROR          SIZE      DERIVATIVE \n",
      "   1  SIMm         4.98290e+00   3.00000e-01  -6.91789e-01  -6.14620e+02\n",
      "   2  SIMw         2.00000e-01   9.99500e-02   0.00000e+00  -3.34379e+04\n",
      "   3  Yld_BG       1.24645e+04   4.98580e+03   0.00000e+00  -8.81462e+03\n",
      "   4  Yld_Signal   1.24645e+04   4.98580e+03   0.00000e+00   8.81458e+03\n",
      "   5  a0          -1.00000e-01   2.00000e-01   0.00000e+00  -2.26859e+03\n",
      "   6  a1           1.00000e-01   2.00000e-01   0.00000e+00   3.83718e+03\n",
      "                               ERR DEF= 0.5\n",
      " MIGRAD MINIMIZATION HAS CONVERGED.\n",
      " MIGRAD WILL VERIFY CONVERGENCE AND ERROR MATRIX.\n",
      " COVARIANCE MATRIX CALCULATED SUCCESSFULLY\n",
      " FCN=-177887 FROM MIGRAD    STATUS=CONVERGED     209 CALLS         210 TOTAL\n",
      "                     EDM=4.13026e-05    STRATEGY= 1      ERROR MATRIX ACCURATE \n",
      "  EXT PARAMETER                                   STEP         FIRST   \n",
      "  NO.   NAME      VALUE            ERROR          SIZE      DERIVATIVE \n",
      "   1  SIMm         4.99927e+00   8.30782e-03   1.69361e-03   1.01596e+00\n",
      "   2  SIMw         6.90097e-01   8.98330e-03   1.61899e-03  -2.17707e-01\n",
      "   3  Yld_BG       1.25048e+04   1.77883e+02   1.72333e-03  -6.66977e-03\n",
      "   4  Yld_Signal   1.24243e+04   1.77665e+02   1.72280e-03   2.79411e-01\n",
      "   5  a0           4.44216e-01   1.51400e-02   4.76807e-03  -2.84855e-02\n",
      "   6  a1          -6.89064e-03   2.23656e-02   4.79688e-03   3.58708e-02\n",
      "                               ERR DEF= 0.5\n",
      " EXTERNAL ERROR MATRIX.    NDIM=  25    NPAR=  6    ERR DEF=0.5\n",
      "  6.902e-05  2.397e-07  3.020e-03 -2.976e-03 -1.714e-05 -8.378e-06 \n",
      "  2.397e-07  8.070e-05 -8.719e-01  8.722e-01  1.697e-05  1.005e-04 \n",
      "  3.020e-03 -8.719e-01  3.164e+04 -1.913e+04 -3.588e-01 -2.332e+00 \n",
      " -2.976e-03  8.722e-01 -1.913e+04  3.157e+04  3.588e-01  2.332e+00 \n",
      " -1.714e-05  1.697e-05 -3.588e-01  3.588e-01  2.292e-04  7.214e-05 \n",
      " -8.378e-06  1.005e-04 -2.332e+00  2.332e+00  7.214e-05  5.003e-04 \n",
      " PARAMETER  CORRELATION COEFFICIENTS  \n",
      "       NO.  GLOBAL      1      2      3      4      5      6\n",
      "        1  0.14344   1.000  0.003  0.002 -0.002 -0.136 -0.045\n",
      "        2  0.62437   0.003  1.000 -0.546  0.546  0.125  0.500\n",
      "        3  0.69509   0.002 -0.546  1.000 -0.605 -0.133 -0.586\n",
      "        4  0.69583  -0.002  0.546 -0.605  1.000  0.133  0.587\n",
      "        5  0.24921  -0.136  0.125 -0.133  0.133  1.000  0.213\n",
      "        6  0.67681  -0.045  0.500 -0.586  0.587  0.213  1.000\n",
      " **********\n",
      " **    7 **SET ERR         0.5\n",
      " **********\n",
      " **********\n",
      " **    8 **SET PRINT           1\n",
      " **********\n",
      " **********\n",
      " **    9 **HESSE        3000\n",
      " **********\n",
      " COVARIANCE MATRIX CALCULATED SUCCESSFULLY\n",
      " FCN=-177887 FROM HESSE     STATUS=OK             40 CALLS         250 TOTAL\n",
      "                     EDM=4.13079e-05    STRATEGY= 1      ERROR MATRIX ACCURATE \n",
      "  EXT PARAMETER                                INTERNAL      INTERNAL  \n",
      "  NO.   NAME      VALUE            ERROR       STEP SIZE       VALUE   \n",
      "   1  SIMm         4.99927e+00   8.30753e-03   3.38722e-04  -3.40355e-01\n",
      "   2  SIMw         6.90097e-01   9.00179e-03   6.47598e-05  -5.70421e-01\n",
      "   3  Yld_BG       1.25048e+04   1.78165e+02   6.89331e-05  -5.21733e-01\n",
      "   4  Yld_Signal   1.24243e+04   1.77935e+02   3.44559e-04  -5.25460e-01\n",
      "   5  a0           4.44216e-01   1.51401e-02   1.90723e-04   4.60299e-01\n",
      "   6  a1          -6.89064e-03   2.23802e-02   1.91875e-04  -6.89070e-03\n",
      "                               ERR DEF= 0.5\n",
      " EXTERNAL ERROR MATRIX.    NDIM=  25    NPAR=  6    ERR DEF=0.5\n",
      "  6.902e-05  1.628e-07  2.496e-03 -2.491e-03 -1.714e-05 -8.280e-06 \n",
      "  1.628e-07  8.103e-05 -8.786e-01  8.785e-01  1.705e-05  1.011e-04 \n",
      "  2.496e-03 -8.786e-01  3.174e+04 -1.924e+04 -3.596e-01 -2.340e+00 \n",
      " -2.491e-03  8.785e-01 -1.924e+04  3.166e+04  3.596e-01  2.340e+00 \n",
      " -1.714e-05  1.705e-05 -3.596e-01  3.596e-01  2.292e-04  7.218e-05 \n",
      " -8.280e-06  1.011e-04 -2.340e+00  2.340e+00  7.218e-05  5.010e-04 \n",
      " PARAMETER  CORRELATION COEFFICIENTS  \n",
      "       NO.  GLOBAL      1      2      3      4      5      6\n",
      "        1  0.14320   1.000  0.002  0.002 -0.002 -0.136 -0.045\n",
      "        2  0.62637   0.002  1.000 -0.548  0.548  0.125  0.502\n",
      "        3  0.69626   0.002 -0.548  1.000 -0.607 -0.133 -0.587\n",
      "        4  0.69695  -0.002  0.548 -0.607  1.000  0.133  0.588\n",
      "        5  0.24923  -0.136  0.125 -0.133  0.133  1.000  0.213\n",
      "        6  0.67733  -0.045  0.502 -0.587  0.588  0.213  1.000\n",
      "[#1] INFO:Minization -- RooMinimizer::optimizeConst: deactivating const optimization\n",
      "PlotResults::PlotResults 0x7f5374651c90 0x7f5374737540 \n",
      "model 0x7f537465e380\n",
      "[#1] INFO:Plotting -- RooAbsPdf::plotOn(Eg3.12_TotalPDF) directly selected PDF components: (Signal)\n",
      "[#1] INFO:Plotting -- RooAbsPdf::plotOn(Eg3.12_TotalPDF) indirectly selected PDF components: ()\n",
      "[#1] INFO:Plotting -- RooAbsPdf::plotOn(Eg3.12_TotalPDF) directly selected PDF components: (BG)\n",
      "[#1] INFO:Plotting -- RooAbsPdf::plotOn(Eg3.12_TotalPDF) indirectly selected PDF components: ()\n",
      " DataEvents::Get 0 4\n",
      "HS::FIT::sPlot::Run create sWeights \n",
      "[#1] INFO:Minization -- RooMinimizer::optimizeConst: activating const optimization\n",
      "[#0] WARNING:Optimization -- RooAbsOptTestStatistic::optimizeConstantTerms(nll_Eg3.12_TotalPDF_DataEvents) WARNING Cache-and-track optimization (Optimize level 2) is only available for datasets implement in terms of RooVectorDataStore - ignoring this option for current dataset\n",
      "[#1] INFO:Minization --  The following expressions have been identified as constant and will be precalculated and cached: (Signal,BG)\n",
      "[#1] INFO:Fitting -- RooAbsPdf::fitTo(Eg3.12_TotalPDF) Calculating sum-of-weights-squared correction matrix for covariance matrix\n",
      "[#1] INFO:Minization -- RooMinimizer::optimizeConst: deactivating const optimization\n",
      "[#1] INFO:InputArguments -- Printing Yields\n",
      "RooArgList:: = (Yld_Signal,Yld_BG)\n",
      "[#1] INFO:InputArguments -- yield in pdf: Yld_Signal 12424.1\n",
      "[#1] INFO:InputArguments -- yield in pdf: Yld_BG 12504.8\n",
      "[#1] INFO:Eval -- Checking Likelihood normalization:  \n",
      "[#1] INFO:Eval -- Yield of specie  Sum of Row in Matrix   Norm\n",
      "[#1] INFO:Eval -- 12424.1 12424.1 1\n",
      "[#1] INFO:Eval -- 12504.8 12504.8 1\n",
      "[#1] INFO:Eval -- Calculating sWeight\n",
      "FiledTree::~FiledTree()  tree name BinnedTree 24929 out//Eg3.12_/TreeData.root\n",
      "HS::FIT::sPlot::Do prelimanry fits PyROOT\n",
      "%%%%%%%%%%%%%%%%%%%%%copy setup \n",
      " DataEvents::Get 1 4\n",
      " RooAbsData& DataEvents::Get 4 out//Eg3.38_/TreeData.root BinnedTree\n",
      "RooArgSet:: = (Mmiss)\n",
      "\n",
      " FitManager::FillEventsPDFs 2\n",
      "0 0 \n",
      "1 0 \n",
      "RooAddPdf::Eg3.38_TotalPDF[ Yld_Signal * Signal + Yld_BG * BG ] = 0.450002\n",
      " DataEvents::Get 1 4\n",
      "FitManager::Run start fit \n",
      "0x7f53837b0220 : OBJ: RooCmdArg\tNumCPU\tNumCPU\n",
      "0x7f5383e1d590 : OBJ: RooCmdArg\tSave\tSave\n",
      "0x7f5383bfb460 : OBJ: RooCmdArg\tWarnings\tWarnings\n",
      "0x7f5383806fc0 : OBJ: RooCmdArg\tMinos\tMinos\n",
      "0x7f5374b2a9d0 : OBJ: RooCmdArg\tExtended\tExtended\n",
      "0x7f5374a981a0 : OBJ: RooCmdArg\tExternalConstraints\tExternalConstraints\n",
      "[#1] INFO:Minization -- RooMinimizer::optimizeConst: activating const optimization\n"
     ]
    },
    {
     "name": "stdout",
     "output_type": "stream",
     "text": [
      "[#1] INFO:Minization --  The following expressions will be evaluated in cache-and-track mode: (Signal,BG)\n",
      " **********\n",
      " **    1 **SET PRINT           1\n",
      " **********\n",
      " **********\n",
      " **    2 **SET NOGRAD\n",
      " **********\n",
      " PARAMETER DEFINITIONS:\n",
      "    NO.   NAME         VALUE      STEP SIZE      LIMITS\n",
      "     1 SIMm         6.00000e+00  3.00000e-01    4.00000e+00  7.00000e+00\n",
      "     2 SIMw         2.00000e-01  9.99500e-02    1.00000e-04  3.00000e+00\n",
      "     3 Yld_BG       1.25250e+04  5.01000e+03    0.00000e+00  5.01000e+04\n",
      "     4 Yld_Signal   1.25250e+04  5.01000e+03    0.00000e+00  5.01000e+04\n",
      "     5 a0          -1.00000e-01  2.00000e-01   -1.00000e+00  1.00000e+00\n",
      "     6 a1           1.00000e-01  2.00000e-01   -1.00000e+00  1.00000e+00\n",
      " **********\n",
      " **    3 **SET ERR         0.5\n",
      " **********\n",
      " **********\n",
      " **    4 **SET PRINT           1\n",
      " **********\n",
      " **********\n",
      " **    5 **SET STR           1\n",
      " **********\n",
      " NOW USING STRATEGY  1: TRY TO BALANCE SPEED AGAINST RELIABILITY\n",
      " **********\n",
      " **    6 **MIGRAD        3000           1\n",
      " **********\n",
      " FIRST CALL TO USER FUNCTION AT NEW START POINT, WITH IFLAG=4.\n",
      " START MIGRAD MINIMIZATION.  STRATEGY  1.  CONVERGENCE WHEN EDM .LT. 1.00e-03\n",
      " FCN=-170941 FROM MIGRAD    STATUS=INITIATE       48 CALLS          49 TOTAL\n",
      "                     EDM= unknown      STRATEGY= 1      NO ERROR MATRIX       \n",
      "  EXT PARAMETER               CURRENT GUESS       STEP         FIRST   \n",
      "  NO.   NAME      VALUE            ERROR          SIZE      DERIVATIVE \n",
      "   1  SIMm         4.94733e+00   3.00000e-01  -7.17177e-01  -1.04091e+03\n",
      "   2  SIMw         2.00000e-01   9.99500e-02   0.00000e+00  -3.32671e+04\n",
      "   3  Yld_BG       1.25250e+04   5.01000e+03   0.00000e+00  -9.04254e+03\n",
      "   4  Yld_Signal   1.25250e+04   5.01000e+03   0.00000e+00   9.04250e+03\n",
      "   5  a0          -1.00000e-01   2.00000e-01   0.00000e+00  -2.27367e+03\n",
      "   6  a1           1.00000e-01   2.00000e-01   0.00000e+00   3.93880e+03\n",
      "                               ERR DEF= 0.5\n",
      " MIGRAD MINIMIZATION HAS CONVERGED.\n",
      " MIGRAD WILL VERIFY CONVERGENCE AND ERROR MATRIX.\n",
      " COVARIANCE MATRIX CALCULATED SUCCESSFULLY\n",
      " FCN=-178808 FROM MIGRAD    STATUS=CONVERGED     208 CALLS         209 TOTAL\n",
      "                     EDM=2.3057e-05    STRATEGY= 1      ERROR MATRIX ACCURATE \n",
      "  EXT PARAMETER                                   STEP         FIRST   \n",
      "  NO.   NAME      VALUE            ERROR          SIZE      DERIVATIVE \n",
      "   1  SIMm         4.97563e+00   8.36536e-03   1.71954e-03   6.19632e-01\n",
      "   2  SIMw         6.93009e-01   8.88287e-03   1.62090e-03  -2.26461e-01\n",
      "   3  Yld_BG       1.26415e+04   1.77823e+02   1.72667e-03  -1.83347e-02\n",
      "   4  Yld_Signal   1.24088e+04   1.77177e+02   1.72613e-03   4.37520e-01\n",
      "   5  a0           4.46564e-01   1.50126e-02   4.76302e-03  -3.69021e-02\n",
      "   6  a1          -2.58617e-02   2.22594e-02   4.83787e-03  -2.60989e-02\n",
      "                               ERR DEF= 0.5\n",
      " EXTERNAL ERROR MATRIX.    NDIM=  25    NPAR=  6    ERR DEF=0.5\n",
      "  6.998e-05  3.004e-06 -3.761e-02  3.767e-02 -1.619e-05 -3.326e-06 \n",
      "  3.004e-06  7.891e-05 -8.443e-01  8.447e-01  1.468e-05  9.598e-05 \n",
      " -3.761e-02 -8.443e-01  3.162e+04 -1.898e+04 -3.267e-01 -2.291e+00 \n",
      "  3.767e-02  8.447e-01 -1.898e+04  3.139e+04  3.266e-01  2.291e+00 \n",
      " -1.619e-05  1.468e-05 -3.267e-01  3.266e-01  2.254e-04  6.602e-05 \n",
      " -3.326e-06  9.598e-05 -2.291e+00  2.291e+00  6.602e-05  4.956e-04 \n",
      " PARAMETER  CORRELATION COEFFICIENTS  \n",
      "       NO.  GLOBAL      1      2      3      4      5      6\n",
      "        1  0.14529   1.000  0.040 -0.025  0.025 -0.129 -0.018\n",
      "        2  0.61288   0.040  1.000 -0.535  0.537  0.110  0.485\n",
      "        3  0.69021  -0.025 -0.535  1.000 -0.602 -0.122 -0.579\n",
      "        4  0.69227   0.025  0.537 -0.602  1.000  0.123  0.581\n",
      "        5  0.23534  -0.129  0.110 -0.122  0.123  1.000  0.198\n",
      "        6  0.66809  -0.018  0.485 -0.579  0.581  0.198  1.000\n",
      " **********\n",
      " **    7 **SET ERR         0.5\n",
      " **********\n",
      " **********\n",
      " **    8 **SET PRINT           1\n",
      " **********\n",
      " **********\n",
      " **    9 **HESSE        3000\n",
      " **********\n",
      " COVARIANCE MATRIX CALCULATED SUCCESSFULLY\n",
      " FCN=-178808 FROM HESSE     STATUS=OK             40 CALLS         249 TOTAL\n",
      "                     EDM=2.30737e-05    STRATEGY= 1      ERROR MATRIX ACCURATE \n",
      "  EXT PARAMETER                                INTERNAL      INTERNAL  \n",
      "  NO.   NAME      VALUE            ERROR       STEP SIZE       VALUE   \n",
      "   1  SIMm         4.97563e+00   8.36498e-03   3.43908e-04  -3.57125e-01\n",
      "   2  SIMw         6.93009e-01   8.89997e-03   6.48359e-05  -5.68116e-01\n",
      "   3  Yld_BG       1.26415e+04   1.78091e+02   6.90668e-05  -5.18239e-01\n",
      "   4  Yld_Signal   1.24088e+04   1.77433e+02   3.45225e-04  -5.28964e-01\n",
      "   5  a0           4.46564e-01   1.50124e-02   1.90521e-04   4.62922e-01\n",
      "   6  a1          -2.58617e-02   2.22720e-02   1.93515e-04  -2.58646e-02\n",
      "                               ERR DEF= 0.5\n",
      " EXTERNAL ERROR MATRIX.    NDIM=  25    NPAR=  6    ERR DEF=0.5\n",
      "  6.997e-05  2.953e-06 -3.856e-02  3.857e-02 -1.619e-05 -3.187e-06 \n",
      "  2.953e-06  7.921e-05 -8.506e-01  8.506e-01  1.474e-05  9.655e-05 \n",
      " -3.856e-02 -8.506e-01  3.172e+04 -1.907e+04 -3.271e-01 -2.299e+00 \n",
      "  3.857e-02  8.506e-01 -1.907e+04  3.148e+04  3.271e-01  2.298e+00 \n",
      " -1.619e-05  1.474e-05 -3.271e-01  3.271e-01  2.254e-04  6.601e-05 \n",
      " -3.187e-06  9.655e-05 -2.299e+00  2.298e+00  6.601e-05  4.961e-04 \n",
      " PARAMETER  CORRELATION COEFFICIENTS  \n",
      "       NO.  GLOBAL      1      2      3      4      5      6\n",
      "        1  0.14499   1.000  0.040 -0.026  0.026 -0.129 -0.017\n",
      "        2  0.61483   0.040  1.000 -0.537  0.539  0.110  0.487\n",
      "        3  0.69135  -0.026 -0.537  1.000 -0.604 -0.122 -0.579\n",
      "        4  0.69336   0.026  0.539 -0.604  1.000  0.123  0.582\n",
      "        5  0.23526  -0.129  0.110 -0.122  0.123  1.000  0.197\n",
      "        6  0.66856  -0.017  0.487 -0.579  0.582  0.197  1.000\n",
      "[#1] INFO:Minization -- RooMinimizer::optimizeConst: deactivating const optimization\n",
      "PlotResults::PlotResults 0x7f53747365b0 0x7f5374b29d60 \n",
      "model 0x7f5374648bc0\n",
      "[#1] INFO:Plotting -- RooAbsPdf::plotOn(Eg3.38_TotalPDF) directly selected PDF components: (Signal)\n",
      "[#1] INFO:Plotting -- RooAbsPdf::plotOn(Eg3.38_TotalPDF) indirectly selected PDF components: ()\n",
      "[#1] INFO:Plotting -- RooAbsPdf::plotOn(Eg3.38_TotalPDF) directly selected PDF components: (BG)\n",
      "[#1] INFO:Plotting -- RooAbsPdf::plotOn(Eg3.38_TotalPDF) indirectly selected PDF components: ()\n",
      " DataEvents::Get 1 4\n",
      "HS::FIT::sPlot::Run create sWeights \n",
      "[#1] INFO:Minization -- RooMinimizer::optimizeConst: activating const optimization\n",
      "[#0] WARNING:Optimization -- RooAbsOptTestStatistic::optimizeConstantTerms(nll_Eg3.38_TotalPDF_DataEvents) WARNING Cache-and-track optimization (Optimize level 2) is only available for datasets implement in terms of RooVectorDataStore - ignoring this option for current dataset\n",
      "[#1] INFO:Minization --  The following expressions have been identified as constant and will be precalculated and cached: (Signal,BG)\n",
      "[#1] INFO:Fitting -- RooAbsPdf::fitTo(Eg3.38_TotalPDF) Calculating sum-of-weights-squared correction matrix for covariance matrix\n",
      "[#1] INFO:Minization -- RooMinimizer::optimizeConst: deactivating const optimization\n",
      "[#1] INFO:InputArguments -- Printing Yields\n",
      "RooArgList:: = (Yld_Signal,Yld_BG)\n",
      "[#1] INFO:InputArguments -- yield in pdf: Yld_Signal 12408.4\n",
      "[#1] INFO:InputArguments -- yield in pdf: Yld_BG 12641.5\n",
      "[#1] INFO:Eval -- Checking Likelihood normalization:  \n",
      "[#1] INFO:Eval -- Yield of specie  Sum of Row in Matrix   Norm\n",
      "[#1] INFO:Eval -- 12408.4 12408.4 1\n",
      "[#1] INFO:Eval -- 12641.5 12641.4 1.00001\n",
      "[#1] INFO:Eval -- Calculating sWeight\n",
      "FiledTree::~FiledTree()  tree name BinnedTree 25050 out//Eg3.38_/TreeData.root\n",
      "HS::FIT::sPlot::Do prelimanry fits PyROOT\n",
      "%%%%%%%%%%%%%%%%%%%%%copy setup \n",
      " DataEvents::Get 2 4\n",
      " RooAbsData& DataEvents::Get 4 out//Eg3.62_/TreeData.root BinnedTree\n",
      "RooArgSet:: = (Mmiss)\n",
      "\n",
      " FitManager::FillEventsPDFs 2\n",
      "0 0 \n",
      "1 0 \n",
      "RooAddPdf::Eg3.62_TotalPDF[ Yld_Signal * Signal + Yld_BG * BG ] = 0.450002\n",
      " DataEvents::Get 2 4\n",
      "FitManager::Run start fit \n",
      "0x7f53837b0220 : OBJ: RooCmdArg\tNumCPU\tNumCPU\n",
      "0x7f5383e1d590 : OBJ: RooCmdArg\tSave\tSave\n",
      "0x7f5383bfb460 : OBJ: RooCmdArg\tWarnings\tWarnings\n",
      "0x7f5383806fc0 : OBJ: RooCmdArg\tMinos\tMinos\n",
      "0x7f53748b1aa0 : OBJ: RooCmdArg\tExtended\tExtended\n",
      "0x7f53748b2fa0 : OBJ: RooCmdArg\tExternalConstraints\tExternalConstraints\n",
      "[#1] INFO:Minization -- RooMinimizer::optimizeConst: activating const optimization\n",
      "[#1] INFO:Minization --  The following expressions will be evaluated in cache-and-track mode: (Signal,BG)\n",
      " **********\n",
      " **    1 **SET PRINT           1\n",
      " **********\n",
      " **********\n",
      " **    2 **SET NOGRAD\n",
      " **********\n",
      " PARAMETER DEFINITIONS:\n",
      "    NO.   NAME         VALUE      STEP SIZE      LIMITS\n",
      "     1 SIMm         6.00000e+00  3.00000e-01    4.00000e+00  7.00000e+00\n",
      "     2 SIMw         2.00000e-01  9.99500e-02    1.00000e-04  3.00000e+00\n",
      "     3 Yld_BG       1.24870e+04  4.99480e+03    0.00000e+00  4.99480e+04\n",
      "     4 Yld_Signal   1.24870e+04  4.99480e+03    0.00000e+00  4.99480e+04\n",
      "     5 a0          -1.00000e-01  2.00000e-01   -1.00000e+00  1.00000e+00\n",
      "     6 a1           1.00000e-01  2.00000e-01   -1.00000e+00  1.00000e+00\n",
      " **********\n",
      " **    3 **SET ERR         0.5\n",
      " **********\n",
      " **********\n",
      " **    4 **SET PRINT           1\n",
      " **********\n",
      " **********\n",
      " **    5 **SET STR           1\n",
      " **********\n",
      " NOW USING STRATEGY  1: TRY TO BALANCE SPEED AGAINST RELIABILITY\n",
      " **********\n",
      " **    6 **MIGRAD        3000           1\n",
      " **********\n",
      " FIRST CALL TO USER FUNCTION AT NEW START POINT, WITH IFLAG=4.\n",
      " START MIGRAD MINIMIZATION.  STRATEGY  1.  CONVERGENCE WHEN EDM .LT. 1.00e-03\n"
     ]
    },
    {
     "name": "stdout",
     "output_type": "stream",
     "text": [
      " FCN=-170591 FROM MIGRAD    STATUS=INITIATE       46 CALLS          47 TOTAL\n",
      "                     EDM= unknown      STRATEGY= 1      NO ERROR MATRIX       \n",
      "  EXT PARAMETER               CURRENT GUESS       STEP         FIRST   \n",
      "  NO.   NAME      VALUE            ERROR          SIZE      DERIVATIVE \n",
      "   1  SIMm         4.95896e+00   3.00000e-01  -7.08845e-01  -1.20915e+02\n",
      "   2  SIMw         2.00000e-01   9.99500e-02   0.00000e+00  -3.26778e+04\n",
      "   3  Yld_BG       1.24870e+04   4.99480e+03   0.00000e+00  -8.89247e+03\n",
      "   4  Yld_Signal   1.24870e+04   4.99480e+03   0.00000e+00   8.89242e+03\n",
      "   5  a0          -1.00000e-01   2.00000e-01   0.00000e+00  -2.25056e+03\n",
      "   6  a1           1.00000e-01   2.00000e-01   0.00000e+00   3.94201e+03\n",
      "                               ERR DEF= 0.5\n",
      " MIGRAD MINIMIZATION HAS CONVERGED.\n",
      " MIGRAD WILL VERIFY CONVERGENCE AND ERROR MATRIX.\n",
      " COVARIANCE MATRIX CALCULATED SUCCESSFULLY\n",
      " FCN=-178261 FROM MIGRAD    STATUS=CONVERGED     213 CALLS         214 TOTAL\n",
      "                     EDM=6.88299e-06    STRATEGY= 1      ERROR MATRIX ACCURATE \n",
      "  EXT PARAMETER                                   STEP         FIRST   \n",
      "  NO.   NAME      VALUE            ERROR          SIZE      DERIVATIVE \n",
      "   1  SIMm         4.98944e+00   8.30350e-03   1.69880e-03  -2.35559e-01\n",
      "   2  SIMw         6.85887e-01   8.80407e-03   1.61248e-03   2.36670e-01\n",
      "   3  Yld_BG       1.26238e+04   1.76633e+02   1.72633e-03   1.92662e-01\n",
      "   4  Yld_Signal   1.23504e+04   1.75865e+02   1.72563e-03   1.25031e-01\n",
      "   5  a0           4.36280e-01   1.50683e-02   4.73612e-03   1.99270e-03\n",
      "   6  a1          -3.52518e-02   2.21409e-02   4.83060e-03   3.99949e-02\n",
      "                               ERR DEF= 0.5\n",
      " EXTERNAL ERROR MATRIX.    NDIM=  25    NPAR=  6    ERR DEF=0.5\n",
      "  6.895e-05  2.786e-06 -3.319e-02  3.325e-02 -1.595e-05 -3.931e-06 \n",
      "  2.786e-06  7.751e-05 -8.274e-01  8.277e-01  1.493e-05  9.395e-05 \n",
      " -3.319e-02 -8.274e-01  3.120e+04 -1.857e+04 -3.349e-01 -2.237e+00 \n",
      "  3.325e-02  8.277e-01 -1.857e+04  3.093e+04  3.348e-01  2.237e+00 \n",
      " -1.595e-05  1.493e-05 -3.349e-01  3.348e-01  2.271e-04  6.998e-05 \n",
      " -3.931e-06  9.395e-05 -2.237e+00  2.237e+00  6.998e-05  4.903e-04 \n",
      " PARAMETER  CORRELATION COEFFICIENTS  \n",
      "       NO.  GLOBAL      1      2      3      4      5      6\n",
      "        1  0.14306   1.000  0.038 -0.023  0.023 -0.127 -0.021\n",
      "        2  0.61135   0.038  1.000 -0.532  0.535  0.113  0.482\n",
      "        3  0.68594  -0.023 -0.532  1.000 -0.598 -0.126 -0.572\n",
      "        4  0.68837   0.023  0.535 -0.598  1.000  0.126  0.574\n",
      "        5  0.24406  -0.127  0.113 -0.126  0.126  1.000  0.210\n",
      "        6  0.66394  -0.021  0.482 -0.572  0.574  0.210  1.000\n",
      " **********\n",
      " **    7 **SET ERR         0.5\n",
      " **********\n",
      " **********\n",
      " **    8 **SET PRINT           1\n",
      " **********\n",
      " **********\n",
      " **    9 **HESSE        3000\n",
      " **********\n",
      " COVARIANCE MATRIX CALCULATED SUCCESSFULLY\n",
      " FCN=-178261 FROM HESSE     STATUS=OK             40 CALLS         254 TOTAL\n",
      "                     EDM=6.90078e-06    STRATEGY= 1      ERROR MATRIX ACCURATE \n",
      "  EXT PARAMETER                                INTERNAL      INTERNAL  \n",
      "  NO.   NAME      VALUE            ERROR       STEP SIZE       VALUE   \n",
      "   1  SIMm         4.98944e+00   8.30297e-03   6.79519e-05  -3.47316e-01\n",
      "   2  SIMw         6.85887e-01   8.82167e-03   6.44992e-05  -5.73759e-01\n",
      "   3  Yld_BG       1.26238e+04   1.76925e+02   6.90530e-05  -5.17284e-01\n",
      "   4  Yld_Signal   1.23504e+04   1.76150e+02   6.90252e-05  -5.29928e-01\n",
      "   5  a0           4.36280e-01   1.50681e-02   1.89445e-04   4.51461e-01\n",
      "   6  a1          -3.52518e-02   2.21562e-02   1.93224e-04  -3.52591e-02\n",
      "                               ERR DEF= 0.5\n",
      " EXTERNAL ERROR MATRIX.    NDIM=  25    NPAR=  6    ERR DEF=0.5\n",
      "  6.894e-05  2.713e-06 -3.410e-02  3.410e-02 -1.594e-05 -3.792e-06 \n",
      "  2.713e-06  7.782e-05 -8.339e-01  8.339e-01  1.500e-05  9.455e-05 \n",
      " -3.410e-02 -8.339e-01  3.130e+04 -1.868e+04 -3.355e-01 -2.246e+00 \n",
      "  3.410e-02  8.339e-01 -1.868e+04  3.103e+04  3.355e-01  2.246e+00 \n",
      " -1.594e-05  1.500e-05 -3.355e-01  3.355e-01  2.271e-04  6.999e-05 \n",
      " -3.792e-06  9.455e-05 -2.246e+00  2.246e+00  6.999e-05  4.910e-04 \n",
      " PARAMETER  CORRELATION COEFFICIENTS  \n",
      "       NO.  GLOBAL      1      2      3      4      5      6\n",
      "        1  0.14262   1.000  0.037 -0.023  0.023 -0.127 -0.021\n",
      "        2  0.61339   0.037  1.000 -0.534  0.537  0.113  0.484\n",
      "        3  0.68721  -0.023 -0.534  1.000 -0.599 -0.126 -0.573\n",
      "        4  0.68960   0.023  0.537 -0.599  1.000  0.126  0.575\n",
      "        5  0.24401  -0.127  0.113 -0.126  0.126  1.000  0.210\n",
      "        6  0.66452  -0.021  0.484 -0.573  0.575  0.210  1.000\n",
      "[#1] INFO:Minization -- RooMinimizer::optimizeConst: deactivating const optimization\n",
      "PlotResults::PlotResults 0x7f53746352f0 0x7f5374b78630 \n",
      "model 0x7f5374978700\n",
      "[#1] INFO:Plotting -- RooAbsPdf::plotOn(Eg3.62_TotalPDF) directly selected PDF components: (Signal)\n",
      "[#1] INFO:Plotting -- RooAbsPdf::plotOn(Eg3.62_TotalPDF) indirectly selected PDF components: ()\n",
      "[#1] INFO:Plotting -- RooAbsPdf::plotOn(Eg3.62_TotalPDF) directly selected PDF components: (BG)\n",
      "[#1] INFO:Plotting -- RooAbsPdf::plotOn(Eg3.62_TotalPDF) indirectly selected PDF components: ()\n",
      " DataEvents::Get 2 4\n",
      "HS::FIT::sPlot::Run create sWeights \n",
      "[#1] INFO:Minization -- RooMinimizer::optimizeConst: activating const optimization\n",
      "[#0] WARNING:Optimization -- RooAbsOptTestStatistic::optimizeConstantTerms(nll_Eg3.62_TotalPDF_DataEvents) WARNING Cache-and-track optimization (Optimize level 2) is only available for datasets implement in terms of RooVectorDataStore - ignoring this option for current dataset\n",
      "[#1] INFO:Minization --  The following expressions have been identified as constant and will be precalculated and cached: (Signal,BG)\n",
      "[#1] INFO:Fitting -- RooAbsPdf::fitTo(Eg3.62_TotalPDF) Calculating sum-of-weights-squared correction matrix for covariance matrix\n",
      "[#1] INFO:Minization -- RooMinimizer::optimizeConst: deactivating const optimization\n",
      "[#1] INFO:InputArguments -- Printing Yields\n",
      "RooArgList:: = (Yld_Signal,Yld_BG)\n",
      "[#1] INFO:InputArguments -- yield in pdf: Yld_Signal 12350.3\n",
      "[#1] INFO:InputArguments -- yield in pdf: Yld_BG 12623.7\n",
      "[#1] INFO:Eval -- Checking Likelihood normalization:  \n",
      "[#1] INFO:Eval -- Yield of specie  Sum of Row in Matrix   Norm\n",
      "[#1] INFO:Eval -- 12350.3 12350.3 1\n",
      "[#1] INFO:Eval -- 12623.7 12623.7 1\n",
      "[#1] INFO:Eval -- Calculating sWeight\n",
      "FiledTree::~FiledTree()  tree name BinnedTree 24974 out//Eg3.62_/TreeData.root\n",
      "HS::FIT::sPlot::Do prelimanry fits PyROOT\n",
      "%%%%%%%%%%%%%%%%%%%%%copy setup \n",
      " DataEvents::Get 3 4\n",
      " RooAbsData& DataEvents::Get 4 out//Eg3.88_/TreeData.root BinnedTree\n",
      "RooArgSet:: = (Mmiss)\n",
      "\n",
      " FitManager::FillEventsPDFs 2\n",
      "0 0 \n",
      "1 0 \n",
      "RooAddPdf::Eg3.88_TotalPDF[ Yld_Signal * Signal + Yld_BG * BG ] = 0.450002\n",
      " DataEvents::Get 3 4\n",
      "FitManager::Run start fit \n",
      "0x7f53837b0220 : OBJ: RooCmdArg\tNumCPU\tNumCPU\n",
      "0x7f5383e1d590 : OBJ: RooCmdArg\tSave\tSave\n",
      "0x7f5383bfb460 : OBJ: RooCmdArg\tWarnings\tWarnings\n",
      "0x7f5383806fc0 : OBJ: RooCmdArg\tMinos\tMinos\n",
      "0x7f53746daa40 : OBJ: RooCmdArg\tExtended\tExtended\n",
      "0x7f5374d5c930 : OBJ: RooCmdArg\tExternalConstraints\tExternalConstraints\n",
      "[#1] INFO:Minization -- RooMinimizer::optimizeConst: activating const optimization\n",
      "[#1] INFO:Minization --  The following expressions will be evaluated in cache-and-track mode: (Signal,BG)\n",
      " **********\n",
      " **    1 **SET PRINT           1\n",
      " **********\n",
      " **********\n",
      " **    2 **SET NOGRAD\n",
      " **********\n",
      " PARAMETER DEFINITIONS:\n",
      "    NO.   NAME         VALUE      STEP SIZE      LIMITS\n",
      "     1 SIMm         6.00000e+00  3.00000e-01    4.00000e+00  7.00000e+00\n",
      "     2 SIMw         2.00000e-01  9.99500e-02    1.00000e-04  3.00000e+00\n",
      "     3 Yld_BG       1.25235e+04  5.00940e+03    0.00000e+00  5.00940e+04\n",
      "     4 Yld_Signal   1.25235e+04  5.00940e+03    0.00000e+00  5.00940e+04\n",
      "     5 a0          -1.00000e-01  2.00000e-01   -1.00000e+00  1.00000e+00\n",
      "     6 a1           1.00000e-01  2.00000e-01   -1.00000e+00  1.00000e+00\n",
      " **********\n",
      " **    3 **SET ERR         0.5\n",
      " **********\n",
      " **********\n",
      " **    4 **SET PRINT           1\n",
      " **********\n",
      " **********\n",
      " **    5 **SET STR           1\n",
      " **********\n",
      " NOW USING STRATEGY  1: TRY TO BALANCE SPEED AGAINST RELIABILITY\n",
      " **********\n",
      " **    6 **MIGRAD        3000           1\n",
      " **********\n",
      " FIRST CALL TO USER FUNCTION AT NEW START POINT, WITH IFLAG=4.\n",
      " START MIGRAD MINIMIZATION.  STRATEGY  1.  CONVERGENCE WHEN EDM .LT. 1.00e-03\n"
     ]
    },
    {
     "name": "stdout",
     "output_type": "stream",
     "text": [
      " FCN=-170911 FROM MIGRAD    STATUS=INITIATE       48 CALLS          49 TOTAL\n",
      "                     EDM= unknown      STRATEGY= 1      NO ERROR MATRIX       \n",
      "  EXT PARAMETER               CURRENT GUESS       STEP         FIRST   \n",
      "  NO.   NAME      VALUE            ERROR          SIZE      DERIVATIVE \n",
      "   1  SIMm         5.01004e+00   3.00000e-01  -6.72584e-01  -2.44293e+02\n",
      "   2  SIMw         2.00000e-01   9.99500e-02   0.00000e+00  -3.25910e+04\n",
      "   3  Yld_BG       1.25235e+04   5.00940e+03   0.00000e+00  -9.07751e+03\n",
      "   4  Yld_Signal   1.25235e+04   5.00940e+03   0.00000e+00   9.07747e+03\n",
      "   5  a0          -1.00000e-01   2.00000e-01   0.00000e+00  -2.26238e+03\n",
      "   6  a1           1.00000e-01   2.00000e-01   0.00000e+00   3.81337e+03\n",
      "                               ERR DEF= 0.5\n",
      " MIGRAD MINIMIZATION HAS CONVERGED.\n",
      " FCN=-178696 FROM MIGRAD    STATUS=CONVERGED     177 CALLS         178 TOTAL\n",
      "                     EDM=1.84313e-06    STRATEGY= 1  ERROR MATRIX UNCERTAINTY   3.7 per cent\n",
      "  EXT PARAMETER                                   STEP         FIRST   \n",
      "  NO.   NAME      VALUE            ERROR          SIZE      DERIVATIVE \n",
      "   1  SIMm         4.99387e+00   8.36288e-03  -1.32411e-04   8.62482e-02\n",
      "   2  SIMw         7.03717e-01   8.69361e-03   1.83228e-06  -2.56242e-02\n",
      "   3  Yld_BG       1.24555e+04   1.72810e+02   1.17615e-05  -1.77369e-01\n",
      "   4  Yld_Signal   1.25913e+04   1.74712e+02  -3.62653e-05  -1.99601e-01\n",
      "   5  a0           4.50567e-01   1.47579e-02   5.74822e-05   1.40922e-02\n",
      "   6  a1           3.22986e-02   2.18126e-02   7.01732e-05  -4.34263e-02\n",
      "                               ERR DEF= 0.5\n",
      " EXTERNAL ERROR MATRIX.    NDIM=  25    NPAR=  6    ERR DEF=0.5\n",
      "  6.994e-05  1.102e-06 -3.757e-03  9.431e-03 -1.800e-05 -7.320e-06 \n",
      "  1.102e-06  7.558e-05 -7.738e-01  7.978e-01  9.621e-06  9.001e-05 \n",
      " -3.757e-03 -7.738e-01  2.986e+04 -1.817e+04 -1.895e-01 -2.183e+00 \n",
      "  9.431e-03  7.978e-01 -1.817e+04  3.052e+04  2.497e-01  2.190e+00 \n",
      " -1.800e-05  9.621e-06 -1.895e-01  2.497e-01  2.178e-04  5.181e-05 \n",
      " -7.320e-06  9.001e-05 -2.183e+00  2.190e+00  5.181e-05  4.759e-04 \n",
      " PARAMETER  CORRELATION COEFFICIENTS  \n",
      "       NO.  GLOBAL      1      2      3      4      5      6\n",
      "        1  0.15408   1.000  0.015 -0.003  0.006 -0.146 -0.040\n",
      "        2  0.59621   0.015  1.000 -0.515  0.525  0.075  0.475\n",
